INITPOS -1.595626000000000e+000  -3.058061000000000e-001  9.628468000000000e-001  6.905421220921294e-001  7.206836933665690e-001  -1.011149789455079e-002  6.053386938192802e-002  -1.544182163987417e+000  -3.842121186795203e-001  8.508842191491273e-001  7.030766055939279e-001  6.172722539513623e-001  1.204639520606554e-001  3.318835449706015e-001  -1.497286035827880e+000  -3.793755434602334e-001  8.592301710694086e-001  6.998046620761886e-001  6.338714420672215e-001  1.552424383429058e-001  2.904827278951399e-001  -1.845450300719437e+000  -2.865358164953188e-001  4.351921545122022e-001  7.471874669050813e-001  4.826545520318357e-001  -1.340342122732742e-001  4.367954929291270e-001  -1.845637511571139e+000  -2.838172735707397e-001  4.342742070114998e-001  7.482559033866425e-001  4.815085297906873e-001  -1.349465184083660e-001  4.359496254790352e-001  
EULERANGLE 1.609982000000000e+000  -1.013900000000000e-001  6.944011000000000e-002  3.196928317524273e-001  9.961267738222908e-002  -5.374703034272994e-002  1.133255198756383e-001  2.020397156365915e-001  4.001359296414720e-003  
SCALINGLAW UNIFORMSCALING 
STANDARDPELVISWIDTH 1.600000000000000e-001
STANDARDTHIGHLENGTH 4.098364000000000e-001
STANDARDSHANKLENGTH 4.073689000000000e-001
STANDARDTALUSLENGTH 3.808687000000000e-002
STANDARDFOOTLENGTH 2.571425000000000e-001
STANDARDPELVISMASS 8.999999999999998e+000
STANDARDTHIGHMASS 7.000000000000000e+000
STANDARDSHANKMASS 4.000000000000000e+000
STANDARDTALUSMASS 2.000000000000000e-001
STANDARDFOOTMASS 1.300000000000000e+000
ANTROPELVIS 1.204586000000000e+001
ANTROTHIGH 8.483000000000001e+000
ANTROLOWERLEG 3.944595000000000e+000
ANTROTALUS 1.696600000000000e-002
ANTROFOOT 1.230035000000000e+000
ANTROBALL 0.000000000000000e+000
RIGHTHIPPELVIS 0.035 -0.115 0.088 
RIGHTHIPTHIGH 0.0 0.0 0
RIGHTKNEETHIGH 0.0384 -0.4078 0.0138
RIGHTKNEESHANK 0.0384 -0.4078 0.0138
RIGHTANKLESHANK 0.0733 -0.8136 0.0214
RIGHTANKLETALUS 0.0733 -0.8136 0.0214
RIGHTSUBTALUS 0.07 -0.851 0.015
RIGHTSUBFOOT 0.07 -0.851 0.015
AREL_RIGHTKNEE_THIGH 8.457278217039733e-001 0.000000000000000e+000 -5.336145159156115e-001 6.928130779605210e-002 9.915357442298909e-001 1.098042271706564e-001 5.290978661702588e-001 -1.298340013805183e-001 8.385693651091737e-001
AREL_RIGHTKNEE_SHANK 8.457278217039733e-001 0.000000000000000e+000  -5.336145159156115e-001 6.928130779605210e-002 9.915357442298909e-001 1.098042271706564e-001 5.290978661702588e-001 -1.298340013805183e-001 8.385693651091737e-001
AREL_RIGHTANKLE_SHANK 7.155708263409607e-001 -1.439226098651273e-001 -6.835529788241179e-001 0.000000000000000e+000 9.785449596177173e-001 -2.060334002213236e-001 6.985401867392560e-001 1.474314904502104e-001 7.002182253654320e-001
AREL_RIGHTANKLE_TALUS 6.916638187508586e-001 2.331447768483232e-001 -6.835529788241179e-001 -4.892724798088586e-001 8.474447937741608e-001 -2.060334002213236e-001 5.312378020554163e-001 4.769495094173131e-001 7.002182253654320e-001
AREL_RIGHTSUB_TALUS -2.588190451025209e-001 -2.153965489585451e-001 -9.416034348859229e-001 0.000000000000000e+000 9.748196075297126e-001 -2.229949164793160e-001 9.659258262890683e-001 -5.771533134589296e-002 -2.523018799680544e-001
AREL_RIGHTSUB_FOOT -2.588190451025209e-001 -2.153965489585451e-001 -9.416034348859229e-001 0.000000000000000e+000 9.748196075297126e-001 -2.229949164793160e-001 9.659258262890683e-001 -5.771533134589296e-002 -2.523018799680544e-001
SCALING_ROT_PELVIS 1.000000000000000e+000 0.000000000000000e+000 0.000000000000000e+000 0.000000000000000e+000 1.000000000000000e+000 0.000000000000000e+000 0.000000000000000e+000 0.000000000000000e+000 1.000000000000000e+000
SCALING_ROT_RIGHT_THIGH 7.608255887387926e-001 -9.369593324054694e-002 -6.421569088738770e-001 9.337448275434764e-002 9.950312910285173e-001 -3.455337674497182e-002 6.422037289603880e-001 -3.367197600832153e-002 7.657940771128146e-001
SCALING_ROT_RIGHT_SHANK 6.849241155574284e-001 -5.886498339450259e-002 -7.262326553232370e-001 5.347500253838793e-002 9.981042565927315e-001 -3.046829622723023e-002 7.266494203062396e-001 -1.796682224089241e-002 6.867734803173242e-001
SCALING_ROT_RIGHT_FOOT 7.388900006455133e-001 4.760072797959599e-001 -4.769262380361674e-001 -5.502786057438952e-001 8.347560497397246e-001 -1.938539356014596e-002 3.888894740239544e-001 2.767659787693942e-001 8.787295203810939e-001
MARKER RTHI 1 -7.176273243290000e-002 -1.724679985805000e-001 7.632443064060000e-002 weightdummy.txt RTHI.txt dummy.txt  dummy.txt  on on on 
MARKER RKNE 1 -3.600877653620000e-002 -4.018638695800000e-001 8.231247892250000e-002 weightdummy.txt RKNE.txt dummy.txt  dummy.txt  on on on 
MARKER LPSI 0 -7.727544038670001e-002 -7.080370133000000e-003 -3.745071077880000e-002 weightdummy.txt LPSI.txt dummy.txt  dummy.txt  off off off 
MARKER RASI 0 1.104314832245000e-001 -4.818731631740000e-002 1.454700654965000e-001 weightdummy.txt RASI.txt dummy.txt  dummy.txt  on on on 
MARKER RTIB 2 -1.760435910420000e-002 -5.289245519849000e-001 1.069613358650000e-001 weightdummy.txt RTIB.txt dummy.txt  dummy.txt  on on on 
MARKER RANK 2 4.629739050730000e-002 -8.233340713391000e-001 5.675240456030001e-002 weightdummy.txt RANK.txt dummy.txt  dummy.txt  on on on 
MARKER RTOE 4 1.950436337426000e-001 -9.315836934644000e-001 1.004381507332000e-001 weightdummy.txt RTOE.txt dummy.txt  dummy.txt  off off off 
MARKER RHEE 4 -9.238152784000024e-004 -8.292284210589000e-001 -1.900000000000000e-002 weightdummy.txt RHEE.txt dummy.txt  dummy.txt  off off off
MARKER RPSI 0 -7.629560299429999e-002 -4.904561079200000e-003 4.128231954530000e-002 weightdummy.txt RPSI.txt dummy.txt  dummy.txt  off off off 
MARKER LASI 0 1.110573599032000e-001 -5.182518780840000e-002 -1.423300072336000e-001 weightdummy.txt LASI.txt dummy.txt  dummy.txt  on on on 
SCALEMAN PELVIS 1.568532281509000e-001 off
SCALEMAN THIGH 4.234527846784000e-001 on
SCALEMAN SHANK 4.120802982312200e-001 on
SCALEMAN FOOT 2.185473288627000e-001 off
