T12L1Lig.ALLT12L1.L0 = 8.062257748298454e-003
T12L1Lig.PLLT12L1.L0 = 1.263724653553930e-001
T12L1Lig.IST12L1.L0 = 2.083866598417453e-002
T12L1Lig.SST12L1.L0 = 1.627882059609978e-002
T12L1Lig.FlavumT12L1.L0 = 7.786036276341179e-003
T12L1Lig.InterTransverseT12L1.L0 = 3.458553190491474e-002





